第1组数据，路线为：137，预测结果为[62011.38936189 72140.8637571  55790.91967578 56544.16743311
 70821.63383454 58815.78720279 46569.23717148],BIC值为:(6, 3)
第1组数据，路线为：155，预测结果为[47878.81921542 46535.26618606 45982.06341467 48708.69995664
 39774.89339309 45796.74154347 41712.79530501],BIC值为:(7, 1)
第2组数据，路线为：141，预测结果为[40332.22142984 41238.93226857 41468.89178703 41580.45974771
 41671.31616999 41758.54929487 41845.14855646],BIC值为:(1, 2)
第3组数据，路线为：159，预测结果为[28638.26606519 31698.59985487 37107.71809152 44359.20662022
 50932.97037477 44974.61344106 32183.94258729],BIC值为:(6, 3)
第4组数据，路线为：147，预测结果为[29196.49516399 28830.84137226 28485.59079351 28377.40740866
 28381.89645194 28423.38715377 28474.49491227],BIC值为:(2, 2)
第5组数据，路线为：121，预测结果为[25253.012942   27348.33908062 28313.42876436 29096.90292061
 30435.21821154 29365.73954949 26578.59701713],BIC值为:(6, 3)
第6组数据，路线为：143，预测结果为[26912.41855132 27403.50476176 27568.2263545  27659.43673833
 27734.0892677  27805.01226321 27875.09520887],BIC值为:(1, 2)
第7组数据，路线为：125，预测结果为[23380.9949546  23924.94212923 23983.04199562 24017.2407322
 24050.26365901 24083.22874217 24116.19097973],BIC值为:(1, 2)
第8组数据，路线为：133，预测结果为[23664.63439207 23850.59869725 23844.31185058 23864.50017196
 23912.64667036 23963.60332404 24011.30762175],BIC值为:(3, 1)
第9组数据，路线为：145，预测结果为[23136.7187479  22620.88353847 22490.91522411 22475.52632166
 22494.16065829 22522.89786401 22554.6350182 ],BIC值为:(1, 2)
第10组数据，路线为：139，预测结果为[28587.77969565 28104.14175618 25929.52430149 28569.91303091
 28841.59417902 24503.60484875 23622.03159786],BIC值为:(6, 3)
第11组数据，路线为：153，预测结果为[20655.01482994 20617.3037127  20633.23515507 20662.83279935
 20695.91210216 20729.8784068  20764.07068772],BIC值为:(1, 2)
第12组数据，路线为：149，预测结果为[19214.9090654  18961.65578162 18956.81625854 18979.26818116
 19004.71842    19030.49806243 19056.31389408],BIC值为:(1, 2)
第13组数据，路线为：131，预测结果为[18483.11252054 18975.72468731 19015.29994563 19057.43751237
 19099.56058708 19141.68374376 19183.80689998],BIC值为:(1, 2)
第14组数据，路线为：129，预测结果为[16301.60878316 16209.88197489 16210.18703523 16233.02687259
 16261.38453963 16291.09329366 16321.1328727 ],BIC值为:(1, 2)
第15组数据，路线为：123，预测结果为[12427.39889687 12493.3805754  12531.04599577 12562.27416062
 12592.03891677 12621.47098999 12650.82743299],BIC值为:(1, 2)
